{
 "cells": [
  {
   "cell_type": "code",
   "execution_count": 108,
   "id": "c491d11e",
   "metadata": {},
   "outputs": [],
   "source": [
    "import pickle\n",
    "import time\n",
    "from rich.progress import track\n",
    "import numpy as np\n",
    "import math\n",
    "from scipy.special import binom, perm\n",
    "from itertools import combinations, permutations, product\n",
    "import pandas as pd\n",
    "import matplotlib.pyplot as plt\n",
    "import seaborn as sns\n",
    "import copy\n",
    "\n",
    "import random\n",
    "from deap import base, creator, tools\n",
    "\n",
    "from olympus.surfaces import CatCamel, CatMichalewicz, CatSlope, CatDejong # cat\n",
    "from olympus.surfaces import Branin, Michalewicz, Levy, Dejong # cont"
   ]
  },
  {
   "cell_type": "code",
   "execution_count": 73,
   "id": "050065c2",
   "metadata": {},
   "outputs": [],
   "source": [
    "#------------------\n",
    "# HELPER FUNCTIONS\n",
    "#------------------\n",
    "def stirling_sum(Ns):\n",
    "    \"\"\" ...\n",
    "    \"\"\"\n",
    "    stirling = lambda n,k: int(1./math.factorial(k) * np.sum([(-1.)**i * binom(k,i)*(k-i)**n for i in range(k)]))\n",
    "    return np.sum([stirling(Ns, k) for k in range(Ns+1)])\n",
    "\n",
    "def partition(S):\n",
    "    \"\"\" ...\n",
    "    \"\"\"\n",
    "    if len(S) == 1:\n",
    "        yield [S]\n",
    "        return \n",
    "\n",
    "    first = S[0]\n",
    "    for smaller in partition(S[1:]):\n",
    "        for n, subset in enumerate(smaller):\n",
    "            yield smaller[:n]+[[first] + subset]+smaller[n+1:]\n",
    "        yield [[first]]+smaller \n",
    "    \n",
    "def gen_partitions(S):\n",
    "    \"\"\"\n",
    "    generate all possible partitions of Ns-element set S\n",
    "    \n",
    "    Args: \n",
    "        S (list): list of non-functional parameters S\n",
    "    \"\"\"\n",
    "    return [p for _, p in enumerate(partition(S),1)]\n",
    "\n",
    "\n",
    "def gen_permutations(X_funcs, Ng):\n",
    "    \"\"\" generate all possible functional parameter permutations\n",
    "    given number of non-functional parameter subsets Ng\n",
    "    \n",
    "    Args: \n",
    "        X_funcs (np.ndarray): numpy array with all functional \n",
    "            possile functional parameters\n",
    "        Ng (int): number of non-functional parameter subsets\n",
    "        \n",
    "    Returns\n",
    "        (np.ndarray): array of parameter permutations of\n",
    "            shape (# perms, Ng, # params)\n",
    "    \"\"\"\n",
    "    \n",
    "    return np.array(list(permutations(X_funcs, Ng)))\n",
    "\n",
    "def measure_objective(xgs, G, surf_map):\n",
    "    \"\"\" ... \n",
    "    \"\"\"\n",
    "    f_x = 0.\n",
    "    for g_ix, Sg in enumerate(G):\n",
    "        f_xg = 0.\n",
    "        for si in Sg:\n",
    "            f_xg += measure_single_obj(xgs[g_ix], si, surf_map)\n",
    "        f_x += f_xg / len(Sg)\n",
    "\n",
    "    return f_x\n",
    "\n",
    "\n",
    "def record_merits(S, surf_map, X_func_truncate=20):\n",
    "    \n",
    "    # list of dictionaries to store G, X_func, f_x\n",
    "    f_xs = [] \n",
    "    \n",
    "    start_time = time.time()\n",
    "    \n",
    "    # generate all the partitions of non-functional parameters\n",
    "    Gs = gen_partitions(S)\n",
    "    print('total non-functional partitions : ', len(Gs))\n",
    "    \n",
    "    # generate all the possible values of functional parametres\n",
    "    # assume all surfs have same # options, params\n",
    "    param_opts = [f'x{i}' for i in range(surf_map[0].num_opts)] \n",
    "    params_opts = [param_opts for _ in range(surf_map[0].param_dim)]\n",
    "    cart_product = list(product(*params_opts))\n",
    "    X_funcs = np.array([list(elem) for elem in cart_product])\n",
    "    \n",
    "    if isinstance(X_func_truncate,int):\n",
    "        X_funcs = X_funcs[:X_func_truncate, :]\n",
    "    print('cardnality of functional params : ', X_funcs.shape[0])\n",
    "    \n",
    "    for G_ix, G in enumerate(Gs): \n",
    "        Ng = len(G)\n",
    "        # generate permutations of functional params\n",
    "        X_func_perms = gen_permutations(X_funcs, Ng)\n",
    "        if G_ix % 1 == 0:\n",
    "            print(f'[INFO] Evaluating partition {G_ix+1}/{len(Gs)+1} with len {Ng} ({len(X_func_perms)} perms)')\n",
    "        for X_func in track(X_func_perms, description='Evaluating permutations...'):\n",
    "            # measure objective \n",
    "            f_x = measure_objective(X_func, G, surf_map)\n",
    "            # store values\n",
    "            f_xs.append({'G': G, 'X_func': X_func,'f_x': f_x,})\n",
    "    total_time = round(time.time()-start_time,2)\n",
    "    print(f'[INFO] Done in {total_time} s')\n",
    "    \n",
    "    return f_xs\n",
    "\n",
    "def measure_single_obj(X_func, si, surf_map):\n",
    "    return surf_map[si].run(X_func)[0][0]"
   ]
  },
  {
   "cell_type": "code",
   "execution_count": 57,
   "id": "026d8694",
   "metadata": {},
   "outputs": [],
   "source": [
    "#-------------\n",
    "# TOY PROBLEM\n",
    "#-------------\n",
    "#S = [0, 1, 2, 3] # four non-functional parameter options \n",
    "S = [0, 1, 2, 3]\n",
    "surf_map_cat = {\n",
    "    0: CatCamel(param_dim=2, num_opts=12),\n",
    "    1: CatDejong(param_dim=2, num_opts=12),\n",
    "    2: CatMichalewicz(param_dim=2, num_opts=12),\n",
    "    3: CatSlope(param_dim=2, num_opts=12),\n",
    "}\n",
    "surf_map_cont = {\n",
    "    0: Branin(),\n",
    "    1: Dejong(),\n",
    "    2: Michalewicz(),\n",
    "    3: Levy(),\n",
    "}"
   ]
  },
  {
   "cell_type": "code",
   "execution_count": null,
   "id": "c72aeddf",
   "metadata": {},
   "outputs": [],
   "source": [
    "def measure_single_obj(X_func, si, surf_map):\n",
    "    return surf_map[si].run(X_func)[0][0]"
   ]
  },
  {
   "cell_type": "code",
   "execution_count": null,
   "id": "81bba55c",
   "metadata": {},
   "outputs": [],
   "source": [
    "class GeneticGeneralOptimizer():\n",
    "    def __init__(self, param_space, S, max_Ng):\n",
    "        self.param_space = param_space\n",
    "        self.S = S\n",
    "        self.max_Ng = max_Ng\n",
    "        \n",
    "        self.CXPB = 0.5\n",
    "        self.MUTB = 0.4\n",
    "    \n",
    "\n",
    "    def _optimize(self, max_iter=10, show_progress=True):\n",
    "        \n",
    "        return None\n",
    "    \n",
    "    @staticmethod\n",
    "    def _evolution(population, toolbox, halloffame, cxpb=0.5, mutpb=0.3):\n",
    "        \n",
    "        return None"
   ]
  },
  {
   "cell_type": "code",
   "execution_count": null,
   "id": "aea4f64d",
   "metadata": {},
   "outputs": [],
   "source": [
    "f_xs = record_merits(S, surf_map, X_func_truncate=20)"
   ]
  },
  {
   "cell_type": "code",
   "execution_count": 4,
   "id": "97e33e3b",
   "metadata": {},
   "outputs": [
    {
     "data": {
      "text/plain": [
       "[[[0, 1, 2]], [[0], [1, 2]], [[0, 1], [2]], [[1], [0, 2]], [[0], [1], [2]]]"
      ]
     },
     "execution_count": 4,
     "metadata": {},
     "output_type": "execute_result"
    }
   ],
   "source": [
    "gen_partitions(S)"
   ]
  },
  {
   "cell_type": "code",
   "execution_count": 66,
   "id": "cdaf213c",
   "metadata": {},
   "outputs": [],
   "source": [
    "# minimizing fitness has negative weights, maximizing fitness has positive\n",
    "creator.create('FitnessMin', base.Fitness, weights=(-1.0,)) \n",
    "\n",
    "# create individual which is a simple list of floats\n",
    "creator.create('Individual', list, fitness=creator.FitnessMin) \n",
    "\n",
    "IND_SIZE=10 # size of \n",
    "NGEN = 10\n",
    "\n",
    "toolbox = base.Toolbox()\n",
    "toolbox.register(\"attribute\", random.random)\n",
    "toolbox.register(\"individual\", tools.initRepeat, creator.Individual,\n",
    "                 toolbox.attribute, n=IND_SIZE)\n",
    "toolbox.register(\"population\", tools.initRepeat, list, toolbox.individual)"
   ]
  },
  {
   "cell_type": "code",
   "execution_count": 67,
   "id": "d9e73dd6",
   "metadata": {},
   "outputs": [],
   "source": [
    "\n",
    "\n",
    "toolbox.register(\"mate\", tools.cxTwoPoint)\n",
    "toolbox.register(\"mutate\", tools.mutGaussian, mu=0, sigma=1, indpb=0.1)\n",
    "toolbox.register(\"select\", tools.selTournament, tournsize=3)\n",
    "toolbox.register(\"evaluate\", evaluate)"
   ]
  },
  {
   "cell_type": "code",
   "execution_count": 68,
   "id": "87a43062",
   "metadata": {},
   "outputs": [],
   "source": [
    "def main():\n",
    "    pop = toolbox.population(n=50)\n",
    "    CXPB, MUTPB, NGEN = 0.5, 0.2, 10\n",
    "\n",
    "    # Evaluate the entire population\n",
    "    fitnesses = map(toolbox.evaluate, pop)\n",
    "    for ind, fit in zip(pop, fitnesses):\n",
    "        ind.fitness.values = fit\n",
    "\n",
    "    for g in range(NGEN):\n",
    "        print(f'Commencing GEN {g}...')\n",
    "        # Select the next generation individuals\n",
    "        offspring = toolbox.select(pop, len(pop))\n",
    "        # Clone the selected individuals\n",
    "        offspring = list(map(toolbox.clone, offspring))\n",
    "\n",
    "\n",
    "        # Apply crossover and mutation on the offspring\n",
    "        \n",
    "        for child1, child2 in zip(offspring[::2], offspring[1::2]):\n",
    "            if random.random() < CXPB:\n",
    "                toolbox.mate(child1, child2)\n",
    "                del child1.fitness.values\n",
    "                del child2.fitness.values\n",
    "\n",
    "        for mutant in offspring:\n",
    "            if random.random() < MUTPB:\n",
    "                toolbox.mutate(mutant)\n",
    "                del mutant.fitness.values\n",
    "\n",
    "        # Evaluate the individuals with an invalid fitness\n",
    "        invalid_ind = [ind for ind in offspring if not ind.fitness.valid]\n",
    "        fitnesses = map(toolbox.evaluate, invalid_ind)\n",
    "        for ind, fit in zip(invalid_ind, fitnesses):\n",
    "            ind.fitness.values = fit\n",
    "\n",
    "        # The population is entirely replaced by the offspring\n",
    "        pop[:] = offspring\n",
    "        \n",
    "        \n",
    "    return pop\n"
   ]
  },
  {
   "cell_type": "code",
   "execution_count": null,
   "id": "dfcf23f1",
   "metadata": {},
   "outputs": [],
   "source": [
    "pop = main()"
   ]
  },
  {
   "cell_type": "code",
   "execution_count": null,
   "id": "c35beb2c",
   "metadata": {},
   "outputs": [
    {
     "data": {
      "text/plain": [
       "(441, 2)"
      ]
     },
     "execution_count": 9,
     "metadata": {},
     "output_type": "execute_result"
    }
   ],
   "source": [
    "param_opts = [f'x{i}' for i in range(21)]\n",
    "params_opts = [param_opts, param_opts]\n",
    "cart_product = list(product(*params_opts))\n",
    "cart_product = np.array([list(elem) for elem in cart_product])\n",
    "cart_product.shape"
   ]
  },
  {
   "cell_type": "code",
   "execution_count": 6,
   "id": "f8a84598",
   "metadata": {},
   "outputs": [
    {
     "data": {
      "text/plain": [
       "['x0',\n",
       " 'x1',\n",
       " 'x2',\n",
       " 'x3',\n",
       " 'x4',\n",
       " 'x5',\n",
       " 'x6',\n",
       " 'x7',\n",
       " 'x8',\n",
       " 'x9',\n",
       " 'x10',\n",
       " 'x11',\n",
       " 'x12',\n",
       " 'x13',\n",
       " 'x14',\n",
       " 'x15',\n",
       " 'x16',\n",
       " 'x17',\n",
       " 'x18',\n",
       " 'x19',\n",
       " 'x20']"
      ]
     },
     "execution_count": 6,
     "metadata": {},
     "output_type": "execute_result"
    }
   ],
   "source": []
  },
  {
   "cell_type": "code",
   "execution_count": 171,
   "id": "d785a486",
   "metadata": {},
   "outputs": [],
   "source": [
    "def evaluate(individual):\n",
    "    G = individual['G']\n",
    "    X_func = individual['X_func']\n",
    "    \n",
    "    f_x = 0.\n",
    "    for g_ix, Sg in enumerate(G):\n",
    "        f_xg = 0.\n",
    "        for si in Sg:\n",
    "            f_xg += measure_single_obj(X_func[g_ix], si, surf_map_cont)\n",
    "        f_x += f_xg / len(Sg)\n",
    "\n",
    "    return f_x,\n",
    "    \n",
    "    \n",
    "    return sum(individual),\n",
    "\n",
    "def init_population(num_inds=10):\n",
    "    population = []\n",
    "    for ind in range(num_inds):\n",
    "        # generate G\n",
    "        S = [0, 1, 2, 3]\n",
    "        random.shuffle(S)\n",
    "        max_Ng = 3\n",
    "        Ng = np.random.randint(1,max_Ng+1)\n",
    "        G = [sorted(S[i::Ng]) for i in range(Ng)]\n",
    "        # generate X_func\n",
    "        # i.e. sample Ng parameters from param_space\n",
    "        param_dim = 2\n",
    "        X_func = []\n",
    "        for _ in range(Ng):\n",
    "            X_func.append(list(np.random.uniform(0,1,size=(param_dim,))))\n",
    "        # create individual\n",
    "        ind = creator.Individual({'G':G, 'X_func':X_func})\n",
    "        population.append(ind)\n",
    "    return population\n",
    "\n",
    "def custom_mutate_G(ind):\n",
    "    \n",
    "    print('ind : ', ind)\n",
    "    \n",
    "    # determine whether we are making a mutation to G\n",
    "    mutation_types = ['fusion'] #'fusion', 'split']\n",
    "    mutated = False\n",
    "    while not mutated and len(mutation_types)>0:\n",
    "        mutation_type = np.random.choice(mutation_types)\n",
    "\n",
    "        if mutation_type == 'swap':\n",
    "            # swap one general param from one subset to another\n",
    "            if not len(ind['G'])>1:\n",
    "                mutation_types.remove(mutation_type)\n",
    "            else:\n",
    "                mut_locs = np.random.choice(\n",
    "                    np.arange(len(ind['G'])), size=(2,), replace=False,\n",
    "                )\n",
    "                mut_loc_1, mut_loc_2 = mut_locs[0], mut_locs[1]\n",
    "                mut_ix_1 = np.random.randint(len(ind['G'][mut_loc_1]))\n",
    "                mut_ix_2 = np.random.randint(len(ind['G'][mut_loc_2]))\n",
    "                \n",
    "                print(mut_loc_1, mut_loc_2)\n",
    "                print(mut_ix_1, mut_ix_2)\n",
    "                \n",
    "                mut_val_1 = copy.deepcopy(ind['G'][mut_loc_1][mut_ix_1])\n",
    "                mut_val_2 = copy.deepcopy(ind['G'][mut_loc_2][mut_ix_2])\n",
    "                \n",
    "                print(mut_val_1, mut_val_2)\n",
    "                \n",
    "                # make swap\n",
    "                ind['G'][mut_loc_1][mut_ix_1] = mut_val_2\n",
    "                ind['G'][mut_loc_2][mut_ix_2] = mut_val_1\n",
    "                \n",
    "                print('new ind : ', ind)\n",
    "\n",
    "                mutated = True\n",
    "\n",
    "        elif mutation_type == 'fusion':\n",
    "            if not len(ind)>\n",
    "            mutated=True\n",
    "        elif mutation_type == 'split':\n",
    "            mutated=True\n",
    "        else:\n",
    "            pass\n",
    "\n",
    "    return ind\n",
    "        "
   ]
  },
  {
   "cell_type": "code",
   "execution_count": 172,
   "id": "55022716",
   "metadata": {},
   "outputs": [],
   "source": [
    "creator.create('FitnessMin', base.Fitness, weights=(-1.0,)) \n",
    "creator.create('Individual', dict, fitness=creator.FitnessMin)\n",
    "\n",
    "toolbox = base.Toolbox()\n",
    "toolbox.register('population', init_population)\n",
    "toolbox.register('evaluate', evaluate)\n",
    "\n",
    "# mutation/selection opertations operations\n",
    "toolbox.register(\"mutate_X_func\", tools.mutGaussian, mu=0, sigma=1, indpb=0.1)\n",
    "toolbox.register(\"select\", tools.selTournament, tournsize=3)\n",
    "\n",
    "toolbox.register('mutate_G', custom_mutate_G)"
   ]
  },
  {
   "cell_type": "code",
   "execution_count": 173,
   "id": "7637a324",
   "metadata": {},
   "outputs": [],
   "source": [
    "pop = toolbox.population(num_inds=5)"
   ]
  },
  {
   "cell_type": "code",
   "execution_count": 174,
   "id": "63ed9e2c",
   "metadata": {},
   "outputs": [],
   "source": [
    "fitnesses = list(map(toolbox.evaluate, pop))\n",
    "for ind, fit in zip(pop, fitnesses):\n",
    "    ind.fitness.values = fit"
   ]
  },
  {
   "cell_type": "code",
   "execution_count": 175,
   "id": "18bf7954",
   "metadata": {},
   "outputs": [],
   "source": [
    "def main():\n",
    "    pop = toolbox.population(num_inds=3)\n",
    "    NGEN = 10\n",
    "    mutate_G_pb = 0.7\n",
    "    \n",
    "    print('\\n')\n",
    "    for ind in pop:\n",
    "        print(ind)\n",
    "    print('\\n')\n",
    "\n",
    "    # Evaluate the entire population\n",
    "    fitnesses = map(toolbox.evaluate, pop)\n",
    "    for ind, fit in zip(pop, fitnesses):\n",
    "        ind.fitness.values = fit\n",
    "\n",
    "    for g in range(NGEN):\n",
    "        print(f'Commencing GEN {g}...')\n",
    "        # Select the next generation individuals\n",
    "        offspring = toolbox.select(pop, len(pop))\n",
    "        # Clone the selected individuals\n",
    "        offspring = list(map(toolbox.clone, offspring))\n",
    "        \n",
    "        for mutant in offspring:\n",
    "            # mutation on G\n",
    "            if random.random() < mutate_G_pb:\n",
    "                toolbox.mutate_G(mutant)\n",
    "                del mutant.fitness.values\n",
    "        \n",
    "        print('\\n')\n",
    "        for ind in pop:\n",
    "            print(ind)\n",
    "        print('\\n')\n",
    "\n",
    "        # Evaluate the individuals with an invalid fitness\n",
    "        invalid_ind = [ind for ind in offspring if not ind.fitness.valid]\n",
    "        fitnesses = map(toolbox.evaluate, invalid_ind)\n",
    "        for ind, fit in zip(invalid_ind, fitnesses):\n",
    "            ind.fitness.values = fit\n",
    "\n",
    "        # The population is entirely replaced by the offspring\n",
    "        pop[:] = offspring\n",
    "        \n",
    "        \n",
    "    return pop"
   ]
  },
  {
   "cell_type": "code",
   "execution_count": 176,
   "id": "a8c9e1eb",
   "metadata": {},
   "outputs": [
    {
     "name": "stdout",
     "output_type": "stream",
     "text": [
      "\n",
      "\n",
      "{'G': [[0, 2], [1], [3]], 'X_func': [[0.9921930802515037, 0.11506324754360275], [0.029861735748283436, 0.5416249553574167], [0.4670130376446544, 0.6593044506858373]]}\n",
      "{'G': [[0, 1, 2, 3]], 'X_func': [[0.6135719682821698, 0.593069306655373]]}\n",
      "{'G': [[0, 1, 2, 3]], 'X_func': [[0.48130054179634774, 0.9219373148170217]]}\n",
      "\n",
      "\n",
      "Commencing GEN 0...\n",
      "ind :  {'G': [[0, 1, 2, 3]], 'X_func': [[0.6135719682821698, 0.593069306655373]]}\n",
      "ind :  {'G': [[0, 2], [1], [3]], 'X_func': [[0.9921930802515037, 0.11506324754360275], [0.029861735748283436, 0.5416249553574167], [0.4670130376446544, 0.6593044506858373]]}\n",
      "1 0\n",
      "0 1\n",
      "1 2\n",
      "new ind :  {'G': [[0, 1], [2], [3]], 'X_func': [[0.9921930802515037, 0.11506324754360275], [0.029861735748283436, 0.5416249553574167], [0.4670130376446544, 0.6593044506858373]]}\n",
      "\n",
      "\n",
      "{'G': [[0, 2], [1], [3]], 'X_func': [[0.9921930802515037, 0.11506324754360275], [0.029861735748283436, 0.5416249553574167], [0.4670130376446544, 0.6593044506858373]]}\n",
      "{'G': [[0, 1, 2, 3]], 'X_func': [[0.6135719682821698, 0.593069306655373]]}\n",
      "{'G': [[0, 1, 2, 3]], 'X_func': [[0.48130054179634774, 0.9219373148170217]]}\n",
      "\n",
      "\n",
      "Commencing GEN 1...\n",
      "ind :  {'G': [[0, 2], [1], [3]], 'X_func': [[0.9921930802515037, 0.11506324754360275], [0.029861735748283436, 0.5416249553574167], [0.4670130376446544, 0.6593044506858373]]}\n",
      "1 2\n",
      "0 0\n",
      "1 3\n",
      "new ind :  {'G': [[0, 2], [3], [1]], 'X_func': [[0.9921930802515037, 0.11506324754360275], [0.029861735748283436, 0.5416249553574167], [0.4670130376446544, 0.6593044506858373]]}\n",
      "ind :  {'G': [[0, 1], [2], [3]], 'X_func': [[0.9921930802515037, 0.11506324754360275], [0.029861735748283436, 0.5416249553574167], [0.4670130376446544, 0.6593044506858373]]}\n",
      "0 1\n",
      "0 0\n",
      "0 2\n",
      "new ind :  {'G': [[2, 1], [0], [3]], 'X_func': [[0.9921930802515037, 0.11506324754360275], [0.029861735748283436, 0.5416249553574167], [0.4670130376446544, 0.6593044506858373]]}\n",
      "\n",
      "\n",
      "{'G': [[0, 1, 2, 3]], 'X_func': [[0.6135719682821698, 0.593069306655373]]}\n",
      "{'G': [[0, 1], [2], [3]], 'X_func': [[0.9921930802515037, 0.11506324754360275], [0.029861735748283436, 0.5416249553574167], [0.4670130376446544, 0.6593044506858373]]}\n",
      "{'G': [[0, 2], [1], [3]], 'X_func': [[0.9921930802515037, 0.11506324754360275], [0.029861735748283436, 0.5416249553574167], [0.4670130376446544, 0.6593044506858373]]}\n",
      "\n",
      "\n",
      "Commencing GEN 2...\n",
      "ind :  {'G': [[0, 2], [1], [3]], 'X_func': [[0.9921930802515037, 0.11506324754360275], [0.029861735748283436, 0.5416249553574167], [0.4670130376446544, 0.6593044506858373]]}\n",
      "1 0\n",
      "0 1\n",
      "1 2\n",
      "new ind :  {'G': [[0, 1], [2], [3]], 'X_func': [[0.9921930802515037, 0.11506324754360275], [0.029861735748283436, 0.5416249553574167], [0.4670130376446544, 0.6593044506858373]]}\n",
      "ind :  {'G': [[0, 2], [1], [3]], 'X_func': [[0.9921930802515037, 0.11506324754360275], [0.029861735748283436, 0.5416249553574167], [0.4670130376446544, 0.6593044506858373]]}\n",
      "2 1\n",
      "0 0\n",
      "3 1\n",
      "new ind :  {'G': [[0, 2], [3], [1]], 'X_func': [[0.9921930802515037, 0.11506324754360275], [0.029861735748283436, 0.5416249553574167], [0.4670130376446544, 0.6593044506858373]]}\n",
      "ind :  {'G': [[0, 2], [1], [3]], 'X_func': [[0.9921930802515037, 0.11506324754360275], [0.029861735748283436, 0.5416249553574167], [0.4670130376446544, 0.6593044506858373]]}\n",
      "2 0\n",
      "0 0\n",
      "3 0\n",
      "new ind :  {'G': [[3, 2], [1], [0]], 'X_func': [[0.9921930802515037, 0.11506324754360275], [0.029861735748283436, 0.5416249553574167], [0.4670130376446544, 0.6593044506858373]]}\n",
      "\n",
      "\n",
      "{'G': [[0, 2], [1], [3]], 'X_func': [[0.9921930802515037, 0.11506324754360275], [0.029861735748283436, 0.5416249553574167], [0.4670130376446544, 0.6593044506858373]]}\n",
      "{'G': [[0, 2], [3], [1]], 'X_func': [[0.9921930802515037, 0.11506324754360275], [0.029861735748283436, 0.5416249553574167], [0.4670130376446544, 0.6593044506858373]]}\n",
      "{'G': [[2, 1], [0], [3]], 'X_func': [[0.9921930802515037, 0.11506324754360275], [0.029861735748283436, 0.5416249553574167], [0.4670130376446544, 0.6593044506858373]]}\n",
      "\n",
      "\n",
      "Commencing GEN 3...\n",
      "ind :  {'G': [[0, 1], [2], [3]], 'X_func': [[0.9921930802515037, 0.11506324754360275], [0.029861735748283436, 0.5416249553574167], [0.4670130376446544, 0.6593044506858373]]}\n",
      "0 2\n",
      "1 0\n",
      "1 3\n",
      "new ind :  {'G': [[0, 3], [2], [1]], 'X_func': [[0.9921930802515037, 0.11506324754360275], [0.029861735748283436, 0.5416249553574167], [0.4670130376446544, 0.6593044506858373]]}\n",
      "\n",
      "\n",
      "{'G': [[0, 1], [2], [3]], 'X_func': [[0.9921930802515037, 0.11506324754360275], [0.029861735748283436, 0.5416249553574167], [0.4670130376446544, 0.6593044506858373]]}\n",
      "{'G': [[0, 2], [3], [1]], 'X_func': [[0.9921930802515037, 0.11506324754360275], [0.029861735748283436, 0.5416249553574167], [0.4670130376446544, 0.6593044506858373]]}\n",
      "{'G': [[3, 2], [1], [0]], 'X_func': [[0.9921930802515037, 0.11506324754360275], [0.029861735748283436, 0.5416249553574167], [0.4670130376446544, 0.6593044506858373]]}\n",
      "\n",
      "\n",
      "Commencing GEN 4...\n",
      "ind :  {'G': [[0, 1], [2], [3]], 'X_func': [[0.9921930802515037, 0.11506324754360275], [0.029861735748283436, 0.5416249553574167], [0.4670130376446544, 0.6593044506858373]]}\n",
      "2 1\n",
      "0 0\n",
      "3 2\n",
      "new ind :  {'G': [[0, 1], [3], [2]], 'X_func': [[0.9921930802515037, 0.11506324754360275], [0.029861735748283436, 0.5416249553574167], [0.4670130376446544, 0.6593044506858373]]}\n",
      "\n",
      "\n",
      "{'G': [[0, 2], [3], [1]], 'X_func': [[0.9921930802515037, 0.11506324754360275], [0.029861735748283436, 0.5416249553574167], [0.4670130376446544, 0.6593044506858373]]}\n",
      "{'G': [[0, 3], [2], [1]], 'X_func': [[0.9921930802515037, 0.11506324754360275], [0.029861735748283436, 0.5416249553574167], [0.4670130376446544, 0.6593044506858373]]}\n",
      "{'G': [[0, 1], [2], [3]], 'X_func': [[0.9921930802515037, 0.11506324754360275], [0.029861735748283436, 0.5416249553574167], [0.4670130376446544, 0.6593044506858373]]}\n",
      "\n",
      "\n",
      "Commencing GEN 5...\n",
      "ind :  {'G': [[0, 1], [2], [3]], 'X_func': [[0.9921930802515037, 0.11506324754360275], [0.029861735748283436, 0.5416249553574167], [0.4670130376446544, 0.6593044506858373]]}\n",
      "2 0\n",
      "0 1\n",
      "3 1\n",
      "new ind :  {'G': [[0, 3], [2], [1]], 'X_func': [[0.9921930802515037, 0.11506324754360275], [0.029861735748283436, 0.5416249553574167], [0.4670130376446544, 0.6593044506858373]]}\n",
      "\n",
      "\n",
      "{'G': [[0, 1], [2], [3]], 'X_func': [[0.9921930802515037, 0.11506324754360275], [0.029861735748283436, 0.5416249553574167], [0.4670130376446544, 0.6593044506858373]]}\n",
      "{'G': [[0, 1], [2], [3]], 'X_func': [[0.9921930802515037, 0.11506324754360275], [0.029861735748283436, 0.5416249553574167], [0.4670130376446544, 0.6593044506858373]]}\n",
      "{'G': [[0, 1], [3], [2]], 'X_func': [[0.9921930802515037, 0.11506324754360275], [0.029861735748283436, 0.5416249553574167], [0.4670130376446544, 0.6593044506858373]]}\n",
      "\n",
      "\n",
      "Commencing GEN 6...\n",
      "ind :  {'G': [[0, 1], [2], [3]], 'X_func': [[0.9921930802515037, 0.11506324754360275], [0.029861735748283436, 0.5416249553574167], [0.4670130376446544, 0.6593044506858373]]}\n",
      "0 2\n",
      "0 0\n",
      "0 3\n",
      "new ind :  {'G': [[3, 1], [2], [0]], 'X_func': [[0.9921930802515037, 0.11506324754360275], [0.029861735748283436, 0.5416249553574167], [0.4670130376446544, 0.6593044506858373]]}\n",
      "ind :  {'G': [[0, 1], [2], [3]], 'X_func': [[0.9921930802515037, 0.11506324754360275], [0.029861735748283436, 0.5416249553574167], [0.4670130376446544, 0.6593044506858373]]}\n",
      "0 1\n",
      "1 0\n",
      "1 2\n",
      "new ind :  {'G': [[0, 2], [1], [3]], 'X_func': [[0.9921930802515037, 0.11506324754360275], [0.029861735748283436, 0.5416249553574167], [0.4670130376446544, 0.6593044506858373]]}\n",
      "\n",
      "\n",
      "{'G': [[0, 1], [2], [3]], 'X_func': [[0.9921930802515037, 0.11506324754360275], [0.029861735748283436, 0.5416249553574167], [0.4670130376446544, 0.6593044506858373]]}\n",
      "{'G': [[0, 1], [2], [3]], 'X_func': [[0.9921930802515037, 0.11506324754360275], [0.029861735748283436, 0.5416249553574167], [0.4670130376446544, 0.6593044506858373]]}\n",
      "{'G': [[0, 3], [2], [1]], 'X_func': [[0.9921930802515037, 0.11506324754360275], [0.029861735748283436, 0.5416249553574167], [0.4670130376446544, 0.6593044506858373]]}\n",
      "\n",
      "\n",
      "Commencing GEN 7...\n",
      "ind :  {'G': [[0, 1], [2], [3]], 'X_func': [[0.9921930802515037, 0.11506324754360275], [0.029861735748283436, 0.5416249553574167], [0.4670130376446544, 0.6593044506858373]]}\n",
      "0 2\n",
      "1 0\n",
      "1 3\n",
      "new ind :  {'G': [[0, 3], [2], [1]], 'X_func': [[0.9921930802515037, 0.11506324754360275], [0.029861735748283436, 0.5416249553574167], [0.4670130376446544, 0.6593044506858373]]}\n",
      "ind :  {'G': [[0, 1], [2], [3]], 'X_func': [[0.9921930802515037, 0.11506324754360275], [0.029861735748283436, 0.5416249553574167], [0.4670130376446544, 0.6593044506858373]]}\n",
      "0 2\n",
      "0 0\n",
      "0 3\n",
      "new ind :  {'G': [[3, 1], [2], [0]], 'X_func': [[0.9921930802515037, 0.11506324754360275], [0.029861735748283436, 0.5416249553574167], [0.4670130376446544, 0.6593044506858373]]}\n",
      "ind :  {'G': [[0, 1], [2], [3]], 'X_func': [[0.9921930802515037, 0.11506324754360275], [0.029861735748283436, 0.5416249553574167], [0.4670130376446544, 0.6593044506858373]]}\n",
      "1 2\n",
      "0 0\n",
      "2 3\n",
      "new ind :  {'G': [[0, 1], [3], [2]], 'X_func': [[0.9921930802515037, 0.11506324754360275], [0.029861735748283436, 0.5416249553574167], [0.4670130376446544, 0.6593044506858373]]}\n",
      "\n",
      "\n",
      "{'G': [[3, 1], [2], [0]], 'X_func': [[0.9921930802515037, 0.11506324754360275], [0.029861735748283436, 0.5416249553574167], [0.4670130376446544, 0.6593044506858373]]}\n",
      "{'G': [[0, 1], [2], [3]], 'X_func': [[0.9921930802515037, 0.11506324754360275], [0.029861735748283436, 0.5416249553574167], [0.4670130376446544, 0.6593044506858373]]}\n",
      "{'G': [[0, 2], [1], [3]], 'X_func': [[0.9921930802515037, 0.11506324754360275], [0.029861735748283436, 0.5416249553574167], [0.4670130376446544, 0.6593044506858373]]}\n",
      "\n",
      "\n",
      "Commencing GEN 8...\n",
      "ind :  {'G': [[3, 1], [2], [0]], 'X_func': [[0.9921930802515037, 0.11506324754360275], [0.029861735748283436, 0.5416249553574167], [0.4670130376446544, 0.6593044506858373]]}\n",
      "1 2\n",
      "0 0\n",
      "2 0\n",
      "new ind :  {'G': [[3, 1], [0], [2]], 'X_func': [[0.9921930802515037, 0.11506324754360275], [0.029861735748283436, 0.5416249553574167], [0.4670130376446544, 0.6593044506858373]]}\n",
      "\n",
      "\n",
      "{'G': [[0, 3], [2], [1]], 'X_func': [[0.9921930802515037, 0.11506324754360275], [0.029861735748283436, 0.5416249553574167], [0.4670130376446544, 0.6593044506858373]]}\n",
      "{'G': [[3, 1], [2], [0]], 'X_func': [[0.9921930802515037, 0.11506324754360275], [0.029861735748283436, 0.5416249553574167], [0.4670130376446544, 0.6593044506858373]]}\n",
      "{'G': [[0, 1], [3], [2]], 'X_func': [[0.9921930802515037, 0.11506324754360275], [0.029861735748283436, 0.5416249553574167], [0.4670130376446544, 0.6593044506858373]]}\n",
      "\n",
      "\n",
      "Commencing GEN 9...\n",
      "ind :  {'G': [[0, 3], [2], [1]], 'X_func': [[0.9921930802515037, 0.11506324754360275], [0.029861735748283436, 0.5416249553574167], [0.4670130376446544, 0.6593044506858373]]}\n",
      "1 0\n",
      "0 0\n",
      "2 0\n",
      "new ind :  {'G': [[2, 3], [0], [1]], 'X_func': [[0.9921930802515037, 0.11506324754360275], [0.029861735748283436, 0.5416249553574167], [0.4670130376446544, 0.6593044506858373]]}\n",
      "ind :  {'G': [[3, 1], [0], [2]], 'X_func': [[0.9921930802515037, 0.11506324754360275], [0.029861735748283436, 0.5416249553574167], [0.4670130376446544, 0.6593044506858373]]}\n",
      "2 1\n",
      "0 0\n",
      "2 0\n",
      "new ind :  {'G': [[3, 1], [2], [0]], 'X_func': [[0.9921930802515037, 0.11506324754360275], [0.029861735748283436, 0.5416249553574167], [0.4670130376446544, 0.6593044506858373]]}\n",
      "\n",
      "\n",
      "{'G': [[0, 3], [2], [1]], 'X_func': [[0.9921930802515037, 0.11506324754360275], [0.029861735748283436, 0.5416249553574167], [0.4670130376446544, 0.6593044506858373]]}\n",
      "{'G': [[0, 1], [3], [2]], 'X_func': [[0.9921930802515037, 0.11506324754360275], [0.029861735748283436, 0.5416249553574167], [0.4670130376446544, 0.6593044506858373]]}\n",
      "{'G': [[3, 1], [0], [2]], 'X_func': [[0.9921930802515037, 0.11506324754360275], [0.029861735748283436, 0.5416249553574167], [0.4670130376446544, 0.6593044506858373]]}\n",
      "\n",
      "\n"
     ]
    }
   ],
   "source": [
    "pop = main()"
   ]
  },
  {
   "cell_type": "code",
   "execution_count": null,
   "id": "b694ff46",
   "metadata": {},
   "outputs": [],
   "source": []
  }
 ],
 "metadata": {
  "kernelspec": {
   "display_name": "atlas",
   "language": "python",
   "name": "atlas"
  },
  "language_info": {
   "codemirror_mode": {
    "name": "ipython",
    "version": 3
   },
   "file_extension": ".py",
   "mimetype": "text/x-python",
   "name": "python",
   "nbconvert_exporter": "python",
   "pygments_lexer": "ipython3",
   "version": "3.10.8"
  }
 },
 "nbformat": 4,
 "nbformat_minor": 5
}
